[[14.6857,3.85667],
[8.98964,2.92515],
[12.5403,-2.679],
[7.81324,-3.24294],
[15.9798,-2.30036],
[17.0112,-1.70012],
[23.5326,0.494967],
[22.7028,5.52983],
[20.7206,3.51726],
[26.0029,-0.947972],
[26.2831,5.08093],
[26.6204,3.62139],
[27.4266,-3.02854],
[29.1169,1.30132],
[26.9881,2.65064],
[28.013,-5.58134],
[27.3891,-7.85802],
[25.9258,-9.69899],
[28.0036,-4.39817],
[32.5566,-5.26947],
[31.1826,-7.97584],
[33.0633,-0.990528],
[32.0928,-6.61858],
[33.5775,-2.68089],
[28.3478,6.08917],
[35.3739,-0.411981],
[37.1048,-8.3495],
[39.3988,-6.83698],
[41.0071,-5.40234],
[44.0081,-6.64643],
[44.923,-9.31089],
[41.7087,-3.64045],
[43.4097,-12.4152],
[42.959,-14.0829],
[40.0325,-11.0582],
[35.5471,-10.4269],
[35.381,-12.9455],
[31.8048,-12.8078],
[33.5865,-12.7987],
[27.5532,-14.0046],
[24.7131,-9.99765],
[22.5131,-10.905],
[23.6223,-12.5719],
[28.3095,-15.6566],
[27.2886,-20.7229],
[24.2762,-28.7093],
[22.0548,-29.0888],
[14.3372,-34.7775],
[9.21076,-36.1119],
[9.18608,-34.1026],
[10.2749,-29.7422],
[10.735,-19.5832],
[6.88004,-13.069],
[8.91836,-9.35629],
[0.190839,-3.85614],
[7.10075,-12.3294],
[9.74081,-10.5676]]