(0.244904,10.0804,1.39152)
(0.244904,10.0804,1.39152)
(0.244904,10.0804,1.39152)
(0.300564,10.3875,1.39152)
(0.300564,10.3875,1.39152)
(0.367356,10.6837,1.34898)
(0.367356,10.6837,1.34898)
(0.367356,10.6837,1.34898)
(0.434148,10.9908,1.35666)
(0.434148,10.9908,1.35666)
(0.50094,11.2979,1.35666)
(0.50094,11.2979,1.35666)
(0.567732,11.5941,1.34898)
(0.567732,11.5941,1.34898)
(0.567732,11.5941,1.34898)
(0.634524,11.8902,1.34898)
(0.634524,11.8902,1.34898)
(0.701316,12.1864,1.34898)
(0.701316,12.1864,1.34898)
(0.768108,12.4716,1.34074)
(0.768108,12.4716,1.34074)
(0.768108,12.4716,1.34074)
(0.768108,12.4716,1.34074)
(0.8349,12.7678,1.34898)
(0.8349,12.7678,1.34898)
(0.901692,13.0639,1.34898)
(0.901692,13.0639,1.34898)
(0.901692,13.0639,1.34898)
(0.968484,13.3601,1.34898)
(0.968484,13.3601,1.34898)
(1.02414,13.6782,1.39757)
(1.02414,13.6782,1.39757)
(1.02414,13.6782,1.39757)
(1.10207,13.9853,1.32232)
(1.10207,13.9853,1.32232)
(1.16886,14.3034,1.36383)
(1.16886,14.3034,1.36383)
(1.23565,14.6215,1.36383)
(1.23565,14.6215,1.36383)
(1.23565,14.6215,1.36383)
(1.31358,14.9286,1.32232)
(1.31358,14.9286,1.32232)
(1.31358,14.9286,1.32232)
(1.38037,15.2248,1.34898)
(1.38037,15.2248,1.34898)
(1.44716,15.5319,1.35666)
(1.44716,15.5319,1.35666)
(1.50282,15.8281,1.38503)
(1.50282,15.8281,1.38503)
(1.50282,15.8281,1.38503)
(1.58074,16.1243,1.31352)
(1.58074,16.1243,1.31352)
(1.65867,16.4314,1.32232)
(1.65867,16.4314,1.32232)
(1.65867,16.4314,1.32232)
(1.73659,16.7385,1.32233)
(1.73659,16.7385,1.32233)
(1.73659,16.7385,1.32233)
(1.81452,17.0457,1.32233)
(1.81452,17.0457,1.32233)
(1.88131,17.3638,1.36383)
(1.88131,17.3638,1.36383)
(1.88131,17.3638,1.36383)
(1.9481,17.6819,1.36383)
(1.9481,17.6819,1.36383)
(2.03716,18,1.29782)
(2.03716,18,1.29782)
(2.11508,18.3181,1.33056)
(2.11508,18.3181,1.33056)
(2.11508,18.3181,1.33056)
(2.18187,18.6362,1.36383)
(2.18187,18.6362,1.36383)
(2.18187,18.6362,1.36383)
(2.27093,18.9214,1.26813)
(2.27093,18.9214,1.26813)
(2.32659,19.1846,1.36244)
(2.32659,19.1846,1.36244)
(2.37112,19.4808,1.42157)
(2.37112,19.4808,1.42157)
(2.37112,19.4808,1.42157)
(2.43791,19.7879,1.35666)
(2.43791,19.7879,1.35666)
(2.43791,19.7879,1.35666)
(2.5047,20.0841,1.34898)
(2.5047,20.0841,1.34898)
(2.56036,20.3803,1.38503)
(2.56036,20.3803,1.38503)
(2.62715,20.6984,1.36383)
(2.62715,20.6984,1.36383)
(2.62715,20.6984,1.36383)
(2.69394,21.0165,1.36383)
(2.69394,21.0165,1.36383)
(2.69394,21.0165,1.36383)
(2.7496,21.3346,1.39758)
(2.7496,21.3346,1.39758)
(2.80526,21.6417,1.39152)
(2.80526,21.6417,1.39152)
(2.87206,21.9598,1.36383)
(2.87206,21.9598,1.36383)
(2.87206,21.9598,1.36383)
(2.92772,22.267,1.39152)
(2.92772,22.267,1.39152)
(2.99451,22.5851,1.36383)
(2.99451,22.5851,1.36383)
(3.07243,22.8922,1.32233)
(3.07243,22.8922,1.32233)
(3.07243,22.8922,1.32233)
(3.07243,22.8922,1.32233)
(3.13922,23.1993,1.35666)
(3.13922,23.1993,1.35666)
(3.20602,23.5174,1.36383)
(3.20602,23.5174,1.36383)
(3.20602,23.5174,1.36383)
(3.28394,23.8246,1.32233)
(3.28394,23.8246,1.32233)
(3.36186,24.1427,1.33056)
(3.36186,24.1427,1.33056)
(3.43979,24.4608,1.33056)
(3.43979,24.4608,1.33056)
(3.51771,24.7789,1.33056)
(3.51771,24.7789,1.33056)
(3.51771,24.7789,1.33056)
(3.59564,25.086,1.32233)
(3.59564,25.086,1.32233)
(3.59564,25.086,1.32233)
(3.67356,25.3932,1.32233)
(3.67356,25.3932,1.32233)
(3.67356,25.3932,1.32233)
(3.75148,25.7113,1.33056)
(3.75148,25.7113,1.33056)
(3.75148,25.7113,1.33056)
(3.82941,26.0294,1.33057)
(3.82941,26.0294,1.33057)
(3.91846,26.3365,1.28858)
(3.91846,26.3365,1.28858)
(3.99639,26.6327,1.31352)
(3.99639,26.6327,1.31352)
(4.05205,26.9398,1.39152)
(4.05205,26.9398,1.39152)
(4.05205,26.9398,1.39152)
(4.12997,27.247,1.32233)
(4.12997,27.247,1.32233)
(4.12997,27.247,1.32233)
(4.2079,27.5541,1.32233)
(4.2079,27.5541,1.32233)
(4.2079,27.5541,1.32233)
(4.27469,27.8393,1.34075)
(4.27469,27.8393,1.34075)
(4.35261,28.1355,1.31352)
(4.35261,28.1355,1.31352)
(4.35261,28.1355,1.31352)
(4.4194,28.4316,1.34899)
(4.50846,28.7278,1.2787)
(4.50846,28.7278,1.2787)
(4.50846,28.7278,1.2787)
(4.58638,29.013,1.30408)
(4.58638,29.013,1.30408)
(4.68657,29.3092,1.2446)
(4.68657,29.3092,1.2446)
(4.68657,29.3092,1.2446)
(4.78676,29.5834,1.22052)
(4.78676,29.5834,1.22052)
(4.78676,29.5834,1.22052)
(4.90921,29.8357,1.11893)
(4.90921,29.8357,1.11893)
(5.03166,30.099,1.13543)
(5.03166,30.099,1.13543)
(5.17638,30.3293,1.00988)
(5.17638,30.3293,1.00988)
(5.17638,30.3293,1.00988)
(5.35449,30.5487,0.888861)
(5.35449,30.5487,0.888861)
(5.5326,30.7242,0.778036)
(5.5326,30.7242,0.778036)
(5.5326,30.7242,0.778036)
(5.73298,30.8888,0.687506)
(5.73298,30.8888,0.687506)
(5.73298,30.8888,0.687506)
(5.94449,31.0204,0.556689)
(5.94449,31.0204,0.556689)
(6.16713,31.1301,0.457784)
(6.16713,31.1301,0.457784)
(6.16713,31.1301,0.457784)
(6.38977,31.2288,0.417371)
(6.38977,31.2288,0.417371)
(6.62354,31.2836,0.230447)
(6.62354,31.2836,0.230447)
(6.86844,31.3275,0.17728)
(6.86844,31.3275,0.17728)
(6.86844,31.3275,0.17728)
(7.10222,31.3385,0.0468886)
(7.10222,31.3385,0.0468886)
(7.10222,31.3385,0.0468886)
(7.35825,31.3495,0.0428166)
(7.35825,31.3495,0.0428166)
(7.60316,31.3166,-0.13357)
(7.60316,31.3166,-0.13357)
(7.84806,31.2727,-0.17728)
(7.84806,31.2727,-0.17728)
(7.84806,31.2727,-0.17728)
(8.09296,31.2178,-0.220316)
(8.09296,31.2178,-0.220316)
(8.32674,31.152,-0.274434)
(8.32674,31.152,-0.274434)
(8.32674,31.152,-0.274434)
(8.57164,31.0862,-0.262538)
(8.57164,31.0862,-0.262538)
(8.81654,31.0094,-0.303824)
(8.81654,31.0094,-0.303824)
(8.81654,31.0094,-0.303824)
(9.06145,30.9217,-0.344069)
(9.06145,30.9217,-0.344069)
(9.29522,30.8339,-0.359107)
(9.29522,30.8339,-0.359107)
(9.29522,30.8339,-0.359107)
(9.52899,30.7462,-0.359107)
(9.52899,30.7462,-0.359107)
(9.76276,30.6584,-0.359107)
(9.76276,30.6584,-0.359107)
(9.76276,30.6584,-0.359107)
(10.0077,30.5816,-0.303824)
(10.0077,30.5816,-0.303824)
(10.0077,30.5816,-0.303824)
(10.2414,30.5048,-0.317359)
(10.2414,30.5048,-0.317359)
(10.4752,30.4171,-0.359107)
(10.4752,30.4171,-0.359107)
(10.709,30.3403,-0.317359)
(10.709,30.3403,-0.317359)
(10.709,30.3403,-0.317359)
(10.9428,30.2525,-0.359107)
(10.9428,30.2525,-0.359107)
(11.2099,30.1758,-0.27986)
(11.2099,30.1758,-0.27986)
(11.2099,30.1758,-0.27986)
(11.4548,30.077,-0.383185)
(11.4548,30.077,-0.383185)
(11.4548,30.077,-0.383185)
(11.6997,29.9783,-0.383185)
(11.6997,29.9783,-0.383185)
(11.9446,29.8796,-0.383185)
(11.9446,29.8796,-0.383185)
(12.2007,29.7809,-0.368017)
(12.2007,29.7809,-0.368017)
(12.4344,29.6821,-0.399587)
(12.4344,29.6821,-0.399587)
(12.4344,29.6821,-0.399587)
(12.6682,29.5615,-0.476486)
(12.6682,29.5615,-0.476486)
(12.6682,29.5615,-0.476486)
(12.9131,29.4627,-0.383185)
(12.9131,29.4627,-0.383185)
(12.9131,29.4627,-0.383185)
(13.1469,29.3421,-0.476485)
(13.1469,29.3421,-0.476485)
(13.3807,29.2324,-0.438729)
(13.3807,29.2324,-0.438729)
(13.3807,29.2324,-0.438729)
(13.6033,29.1337,-0.41737)
(13.6033,29.1337,-0.41737)
(13.8482,29.002,-0.49318)
(13.8482,29.002,-0.49318)
(14.082,28.8923,-0.438729)
(14.082,28.8923,-0.438729)
(14.3158,28.7717,-0.476485)
(14.3158,28.7717,-0.476485)
(14.3158,28.7717,-0.476485)
(14.3158,28.7717,-0.476485)
(14.5718,28.662,-0.404769)
(14.8056,28.5523,-0.438729)
(14.8056,28.5523,-0.438729)
(14.8056,28.5523,-0.438729)
(15.0393,28.4426,-0.438729)
(15.0393,28.4426,-0.438729)
(15.262,28.3219,-0.496648)
(15.262,28.3219,-0.496648)
(15.262,28.3219,-0.496648)
(15.262,28.3219,-0.496648)
(15.4957,28.2123,-0.438728)
(15.4957,28.2123,-0.438728)
(15.7073,28.0916,-0.518433)
(15.7073,28.0916,-0.518433)
(15.7073,28.0916,-0.518433)
(15.9188,27.9709,-0.518433)
(15.9188,27.9709,-0.518433)
(15.9188,27.9709,-0.518433)
(16.1525,27.8612,-0.438728)
(16.1525,27.8612,-0.438728)
(16.364,27.7296,-0.556687)
(16.364,27.7296,-0.556687)
(16.5755,27.598,-0.556687)
(16.5755,27.598,-0.556687)
(16.5755,27.598,-0.556687)
(16.7982,27.4663,-0.533944)
(16.7982,27.4663,-0.533944)
(17.0431,27.3347,-0.493179)
(17.0431,27.3347,-0.493179)
(17.0431,27.3347,-0.493179)
(17.2657,27.1921,-0.569665)
(17.2657,27.1921,-0.569665)
(17.5106,27.0605,-0.493179)
(17.5106,27.0605,-0.493179)
(17.7444,26.9069,-0.581223)
(17.7444,26.9069,-0.581223)
(17.967,26.7533,-0.603823)
(17.967,26.7533,-0.603823)
(17.967,26.7533,-0.603823)
(17.967,26.7533,-0.603823)
(18.2008,26.5888,-0.613299)
(18.2008,26.5888,-0.613299)
(18.4012,26.4243,-0.687503)
(18.4012,26.4243,-0.687503)
(18.4012,26.4243,-0.687503)
(18.6238,26.2488,-0.667566)
(18.6238,26.2488,-0.667566)
(18.6238,26.2488,-0.667566)
(18.8131,26.0294,-0.859024)
(18.8131,26.0294,-0.859024)
(18.8131,26.0294,-0.859024)
(18.9912,25.81,-0.888857)
(18.9912,25.81,-0.888857)
(19.1693,25.5687,-0.934976)
(19.1693,25.5687,-0.934976)
(19.1693,25.5687,-0.934976)
(19.3252,25.3054,-1.03629)
(19.3252,25.3054,-1.03629)
(19.4699,25.0202,-1.10123)
(19.4699,25.0202,-1.10123)
(19.5923,24.7131,-1.19142)
(19.5923,24.7131,-1.19142)
(19.5923,24.7131,-1.19142)
(19.5923,24.7131,-1.19142)
(19.6925,24.384,-1.27526)
(19.7593,24.0549,-1.37055)
(19.7593,24.0549,-1.37055)
(19.815,23.7259,-1.40324)
(19.815,23.7259,-1.40324)
(19.815,23.7259,-1.40324)
(19.8261,23.3968,-1.53698)
(19.8261,23.3968,-1.53698)
(19.8261,23.3968,-1.53698)
(19.8484,23.0787,-1.50092)
(19.8484,22.7606,-1.5708)
(19.8484,22.7606,-1.5708)
(19.8484,22.7606,-1.5708)
(19.8484,22.4644,-1.5708)
(19.8484,22.4644,-1.5708)
(19.8484,22.4644,-1.5708)
(19.8372,22.1682,-1.60837)
(19.8372,22.1682,-1.60837)
(19.8261,21.8721,-1.60837)
(19.8261,21.8721,-1.60837)
(19.8261,21.8721,-1.60837)
(19.815,21.5869,-1.60981)
(19.815,21.5869,-1.60981)
(19.7927,21.2797,-1.64316)
(19.7927,21.2797,-1.64316)
(19.7704,20.9726,-1.64316)
(19.7704,20.9726,-1.64316)
(19.7704,20.9726,-1.64316)
(19.7704,20.9726,-1.64316)
(19.7704,20.6655,-1.5708)
(19.7704,20.6655,-1.5708)
(19.737,20.3364,-1.67194)
(19.737,20.3364,-1.67194)
(19.737,20.3364,-1.67194)
(19.7148,20.0183,-1.64067)
(19.7148,20.0183,-1.64067)
(19.6702,19.7112,-1.71477)
(19.6702,19.7112,-1.71477)
(19.6702,19.7112,-1.71477)
(19.6257,19.404,-1.71477)
(19.6257,19.404,-1.71477)
(19.5812,19.0859,-1.70987)
(19.5812,19.0859,-1.70987)
(19.5812,19.0859,-1.70987)
(19.5812,19.0859,-1.70987)
(19.5478,18.7788,-1.67911)
(19.4921,18.4716,-1.75007)
(19.4921,18.4716,-1.75007)
(19.4699,18.1755,-1.64583)
(19.4699,18.1755,-1.64583)
(19.4699,18.1755,-1.64583)
(19.4699,18.1755,-1.64583)
(19.4253,17.8683,-1.71477)
(19.4253,17.8683,-1.71477)
(19.4031,17.5722,-1.64583)
(19.4031,17.5722,-1.64583)
(19.3808,17.265,-1.64316)
(19.3808,17.265,-1.64316)
(19.3808,17.265,-1.64316)
(19.3808,16.9689,-1.5708)
(19.3697,16.6837,-1.60981)
(19.3697,16.6837,-1.60981)
(19.3697,16.6837,-1.60981)
(19.3697,16.6837,-1.60981)
(19.3808,16.3875,-1.53323)
(19.3808,16.3875,-1.53323)
(19.3919,16.1023,-1.53178)
(19.3919,16.1023,-1.53178)
(19.4142,15.8281,-1.48979)
(19.4142,15.8281,-1.48979)
(19.4142,15.8281,-1.48979)
(19.4587,15.5429,-1.41591)
(19.4587,15.5429,-1.41591)
(19.4587,15.5429,-1.41591)
(19.4921,15.2687,-1.44961)
(19.5478,14.9835,-1.37805)
(19.5478,14.9835,-1.37805)
(19.5478,14.9835,-1.37805)
(19.5478,14.9835,-1.37805)
(19.5923,14.6983,-1.41591)
(19.5923,14.6983,-1.41591)
(19.6368,14.3912,-1.42682)
(19.6368,14.3912,-1.42682)
(19.6925,14.095,-1.38503)
(19.6925,14.095,-1.38503)
(19.6925,14.095,-1.38503)
(19.6925,14.095,-1.38503)
(19.7593,13.7769,-1.36383)
(19.7593,13.7769,-1.36383)
(19.815,13.4588,-1.39757)
(19.8484,13.1297,-1.46966)
(19.8484,13.1297,-1.46966)
(19.8484,13.1297,-1.46966)
(19.8818,12.8116,-1.46619)
(19.8818,12.8116,-1.46619)
(19.8818,12.8116,-1.46619)
(19.8818,12.8116,-1.46619)
(19.8929,12.5045,-1.53457)
(19.8929,12.5045,-1.53457)
(19.8818,12.1864,-1.60578)
(19.8818,12.1864,-1.60578)
(19.8484,11.8793,-1.67911)
(19.8484,11.8793,-1.67911)
(19.7816,11.5721,-1.78493)
(19.7816,11.5721,-1.78493)
(19.7816,11.5721,-1.78493)
(19.6925,11.276,-1.8629)
(19.6925,11.276,-1.8629)
(19.6035,10.9798,-1.8629)
(19.6035,10.9798,-1.8629)
(19.6035,10.9798,-1.8629)
(19.481,10.6837,-1.96286)
(19.481,10.6837,-1.96286)
(19.3474,10.3875,-1.99452)
(19.3474,10.3875,-1.99452)
(19.3474,10.3875,-1.99452)
(19.2138,10.1023,-2.00885)
(19.2138,10.1023,-2.00885)
(19.0914,9.81711,-1.97636)
(19.0914,9.81711,-1.97636)
(19.0914,9.81711,-1.97636)
(19.0914,9.81711,-1.97636)
(18.9467,9.53192,-2.04037)
(18.9467,9.53192,-2.04037)
(18.7797,9.26866,-2.13605)
(18.7797,9.26866,-2.13605)
(18.6238,9.01638,-2.12416)
(18.6238,9.01638,-2.12416)
(18.4569,8.77506,-2.1761)
(18.4569,8.77506,-2.1761)
(18.4569,8.77506,-2.1761)
(18.4569,8.77506,-2.1761)
(18.2899,8.53375,-2.1761)
(18.2899,8.53375,-2.1761)
(18.1006,8.32534,-2.30804)
(18.1006,8.32534,-2.30804)
(17.9114,8.11693,-2.30804)
(17.9114,8.11693,-2.30804)
(17.7221,7.90852,-2.30804)
(17.7221,7.90852,-2.30804)
(17.7221,7.90852,-2.30804)
(17.5218,7.70011,-2.33655)
(17.5218,7.70011,-2.33655)
(17.3214,7.50267,-2.36357)
(17.3214,7.50267,-2.36357)
(17.1321,7.30523,-2.335)
(17.1321,7.30523,-2.335)
(17.1321,7.30523,-2.335)
(17.1321,7.30523,-2.335)
(16.9318,7.09682,-2.33655)
(16.9318,7.09682,-2.33655)
(16.7537,6.89938,-2.30478)
(16.7537,6.89938,-2.30478)
(16.7537,6.89938,-2.30478)
(16.5867,6.69097,-2.24628)
(16.5867,6.69097,-2.24628)
(16.4086,6.49353,-2.30478)
(16.4086,6.49353,-2.30478)
(16.4086,6.49353,-2.30478)
(16.2416,6.29609,-2.2728)
(16.2416,6.29609,-2.2728)
(16.0857,6.07672,-2.18848)
(16.0857,6.07672,-2.18848)
(15.9299,5.86831,-2.21289)
(15.9299,5.86831,-2.21289)
(15.9299,5.86831,-2.21289)
(15.8074,5.6599,-2.10202)
(15.8074,5.6599,-2.10202)
(15.8074,5.6599,-2.10202)
(15.6627,5.42955,-2.13173)
(15.5403,5.21018,-2.0799)
(15.5403,5.21018,-2.0799)
(15.5403,5.21018,-2.0799)
(15.5403,5.21018,-2.0799)
(15.429,4.97983,-2.02097)
(15.429,4.97983,-2.02097)
(15.3399,4.74949,-1.93971)
(15.3399,4.74949,-1.93971)
(15.3399,4.74949,-1.93971)
(15.262,4.50817,-1.88314)
(15.262,4.50817,-1.88314)
(15.1952,4.26686,-1.84082)
(15.1952,4.26686,-1.84082)
(15.1395,4.01458,-1.78794)
(15.1395,4.01458,-1.78794)
(15.1395,4.01458,-1.78794)
(15.1061,3.76229,-1.70241)
(15.1061,3.76229,-1.70241)
(15.0727,3.48807,-1.69198)
(15.0727,3.48807,-1.69198)
(15.0727,3.48807,-1.69198)
(15.0505,3.20288,-1.64871)
(15.0505,3.20288,-1.64871)
(15.0393,2.90673,-1.60837)
(15.0393,2.90673,-1.60837)
(15.0393,2.90673,-1.60837)
(15.0505,2.5996,-1.53457)
(15.0505,2.5996,-1.53457)
(15.0616,2.29247,-1.53457)
(15.0616,2.29247,-1.53457)
(15.0616,2.29247,-1.53457)
(15.0727,1.96341,-1.53698)
(15.0727,1.96341,-1.53698)
(15.0839,1.64531,-1.53581)
(15.0839,1.64531,-1.53581)
(15.0839,1.64531,-1.53581)
(15.1061,1.32722,-1.50092)
(15.1061,1.32722,-1.50092)
(15.1061,0.987188,-1.5708)
(15.1061,0.987188,-1.5708)
(15.1061,0.987188,-1.5708)
(15.1061,0.658125,-1.5708)
(15.1061,0.658125,-1.5708)
(15.1061,0.329063,-1.5708)
(15.1061,0.329063,-1.5708)
(15.1061,0.329063,-1.5708)
(15.0839,0,-1.63835)
(15.0839,0,-1.63835)
(15.0616,-0.329062,-1.63835)
(15.0616,-0.329062,-1.63835)
(15.0616,-0.329062,-1.63835)
(15.0171,-0.669093,-1.70101)
(15.0171,-0.669093,-1.70101)
(15.0171,-0.669093,-1.70101)
(14.9725,-0.976218,-1.71478)
(14.9725,-0.976218,-1.71478)
(14.928,-1.30528,-1.7053)
(14.928,-1.30528,-1.7053)
(14.8501,-1.62337,-1.81104)
(14.8501,-1.62337,-1.81104)
(14.8501,-1.62337,-1.81104)
(14.761,-1.94147,-1.84378)
(14.761,-1.94147,-1.84378)
(14.761,-1.94147,-1.84378)
(14.6497,-2.25956,-1.90744)
(14.6497,-2.25956,-1.90744)
(14.5384,-2.55571,-1.93034)
(14.5384,-2.55571,-1.93034)
(14.5384,-2.55571,-1.93034)
(14.3937,-2.8409,-2.04038)
(14.2267,-3.11512,-2.11776)
(14.2267,-3.11512,-2.11776)
(14.2267,-3.11512,-2.11776)
(14.2267,-3.11512,-2.11776)
(14.0375,-3.35643,-2.23585)
(13.8593,-3.5758,-2.25276)
(13.8593,-3.5758,-2.25276)
(13.8593,-3.5758,-2.25276)
(13.6701,-3.78421,-2.30805)
(13.6701,-3.78421,-2.30805)
(13.4697,-3.98164,-2.36358)
(13.4697,-3.98164,-2.36358)
(13.4697,-3.98164,-2.36358)
(13.4697,-3.98164,-2.36358)
(13.2471,-4.14617,-2.50517)
(13.2471,-4.14617,-2.50517)
(13.0356,-4.3107,-2.48048)
(13.0356,-4.3107,-2.48048)
(12.8129,-4.4533,-2.57195)
(12.8129,-4.4533,-2.57195)
(12.568,-4.58492,-2.64843)
(12.568,-4.58492,-2.64843)
(12.568,-4.58492,-2.64843)
(12.568,-4.58492,-2.64843)
(12.3231,-4.69461,-2.72051)
(12.3231,-4.69461,-2.72051)
(12.0782,-4.79333,-2.75843)
(12.0782,-4.79333,-2.75843)
(12.0782,-4.79333,-2.75843)
(11.8222,-4.87011,-2.85024)
(11.8222,-4.87011,-2.85024)
(11.555,-4.91398,-2.97882)
(11.555,-4.91398,-2.97882)
(11.555,-4.91398,-2.97882)
(11.555,-4.91398,-2.97882)
(11.2878,-4.94689,-3.01904)
(11.0095,-4.95786,-3.1022)
(11.0095,-4.95786,-3.1022)
(10.7312,-4.93592,3.06293)
(10.7312,-4.93592,3.06293)
(10.7312,-4.93592,3.06293)
(10.4641,-4.88108,2.93913)
(10.4641,-4.88108,2.93913)
(10.4641,-4.88108,2.93913)
(10.208,-4.81526,2.89)
(10.208,-4.81526,2.89)
(9.97427,-4.73848,2.82425)
(9.97427,-4.73848,2.82425)
(9.97427,-4.73848,2.82425)
(9.72937,-4.6617,2.83778)
(9.72937,-4.6617,2.83778)
(9.48446,-4.58492,2.83778)
(9.48446,-4.58492,2.83778)
(9.48446,-4.58492,2.83778)
(9.23956,-4.49717,2.79754)
(9.23956,-4.49717,2.79754)
(9.00579,-4.42039,2.82425)
(9.00579,-4.42039,2.82425)
(9.00579,-4.42039,2.82425)
(8.77202,-4.33264,2.7825)
(8.77202,-4.33264,2.7825)
(8.51598,-4.25586,2.85024)
(8.51598,-4.25586,2.85024)
(8.28221,-4.17908,2.82425)
(8.28221,-4.17908,2.82425)
(8.28221,-4.17908,2.82425)
(8.00391,-4.09133,2.83615)
(8.00391,-4.09133,2.83615)
(7.759,-4.00358,2.79754)
(7.759,-4.00358,2.79754)
(7.759,-4.00358,2.79754)
(7.49184,-3.91583,2.82425)
(7.49184,-3.91583,2.82425)
(7.24693,-3.82808,2.79754)
(7.24693,-3.82808,2.79754)
(7.24693,-3.82808,2.79754)
(6.97976,-3.74033,2.82425)
(6.97976,-3.74033,2.82425)
(6.7126,-3.65258,2.82425)
(6.7126,-3.65258,2.82425)
(6.7126,-3.65258,2.82425)
(6.45656,-3.5758,2.85024)
(6.45656,-3.5758,2.85024)
(6.22279,-3.50999,2.86717)
(6.22279,-3.50999,2.86717)
(6.22279,-3.50999,2.86717)
(5.96675,-3.43321,2.85024)
(5.96675,-3.43321,2.85024)
(5.72185,-3.35643,2.83778)
(5.72185,-3.35643,2.83778)
(5.49921,-3.27965,2.8095)
(5.49921,-3.27965,2.8095)
(5.24317,-3.20287,2.85024)
(5.24317,-3.20287,2.85024)
(5.24317,-3.20287,2.85024)
(5.24317,-3.20287,2.85024)
(5.0094,-3.12609,2.82425)
(5.0094,-3.12609,2.82425)
(4.7645,-3.03834,2.79754)
(4.7645,-3.03834,2.79754)
(4.7645,-3.03834,2.79754)
(4.50846,-2.95059,2.81141)
(4.50846,-2.95059,2.81141)
(4.25242,-2.85187,2.77359)
(4.25242,-2.85187,2.77359)
(4.01865,-2.75315,2.74202)
(4.01865,-2.75315,2.74202)
(4.01865,-2.75315,2.74202)
(3.77375,-2.6654,2.79754)
(3.77375,-2.6654,2.79754)
(3.77375,-2.6654,2.79754)
(3.52884,-2.57765,2.79754)
(3.52884,-2.57765,2.79754)
(3.52884,-2.57765,2.79754)
(3.28394,-2.4899,2.79754)
(3.28394,-2.4899,2.79754)
(3.03904,-2.39118,2.75843)
(3.03904,-2.39118,2.75843)
(3.03904,-2.39118,2.75843)
(2.79413,-2.29246,2.75843)
(2.5381,-2.19375,2.77359)
(2.5381,-2.19375,2.77359)
(2.5381,-2.19375,2.77359)
(2.5381,-2.19375,2.77359)
(2.28206,-2.07309,2.70121)
(2.04829,-1.95243,2.66513)
(2.04829,-1.95243,2.66513)
(2.04829,-1.95243,2.66513)
(2.04829,-1.95243,2.66513)
(1.80338,-1.82081,2.64843)
(1.55848,-1.66725,2.58154)
(1.55848,-1.66725,2.58154)
(1.55848,-1.66725,2.58154)
(1.32471,-1.50272,2.52831)
(1.32471,-1.50272,2.52831)
(1.32471,-1.50272,2.52831)
(1.09094,-1.32722,2.49762)
(1.09094,-1.32722,2.49762)
(1.09094,-1.32722,2.49762)
(0.879428,-1.14075,2.41903)
(0.656788,-0.932343,2.3892)
(0.656788,-0.932343,2.3892)
(0.656788,-0.932343,2.3892)
(0.44528,-0.702,2.31359)
(0.44528,-0.702,2.31359)
(0.44528,-0.702,2.31359)
(0.256036,-0.460687,2.23585)
(0.256036,-0.460687,2.23585)
(0.05566,-0.208406,2.24203)
(0.05566,-0.208406,2.24203)
(-0.11132,0.0658125,2.11776)
(-0.11132,0.0658125,2.11776)
(-0.11132,0.0658125,2.11776)
(-0.11132,0.0658125,2.11776)
(-0.267168,0.351,2.07093)
(-0.267168,0.351,2.07093)
(-0.400752,0.658125,1.98106)
(-0.400752,0.658125,1.98106)
(-0.50094,0.987188,1.86634)
(-0.50094,0.987188,1.86634)
(-0.50094,0.987188,1.86634)
(-0.601128,1.30528,1.87592)
(-0.601128,1.30528,1.87592)
(-0.66792,1.64531,1.76476)
(-0.66792,1.64531,1.76476)
(-0.66792,1.64531,1.76476)
(-0.712448,1.99632,1.69698)
(-0.712448,1.99632,1.69698)
(-0.745844,2.32538,1.67194)
(-0.745844,2.32538,1.67194)
(-0.745844,2.32538,1.67194)
(-0.745844,2.67638,1.5708)
(-0.745844,2.67638,1.5708)
(-0.756976,2.99448,1.60578)
(-0.756976,2.99448,1.60578)
(-0.756976,2.99448,1.60578)
(-0.756976,2.99448,1.60578)
(-0.745844,3.32354,1.53698)
(-0.72358,3.64164,1.50092)
(-0.72358,3.64164,1.50092)
(-0.72358,3.64164,1.50092)
(-0.701316,3.9707,1.50324)
(-0.701316,3.9707,1.50324)
(-0.66792,4.31073,1.4729)
(-0.66792,4.31073,1.4729)
(-0.66792,4.31073,1.4729)
(-0.634524,4.65077,1.4729)
(-0.634524,4.65077,1.4729)
(-0.578864,5.00177,1.41353)
(-0.578864,5.00177,1.41353)
(-0.534336,5.3418,1.44059)
(-0.534336,5.3418,1.44059)
(-0.478676,5.68184,1.40855)
(-0.478676,5.68184,1.40855)
(-0.478676,5.68184,1.40855)
(-0.434148,6.03284,1.44461)
(-0.434148,6.03284,1.44461)
(-0.434148,6.03284,1.44461)
(-0.356224,6.37288,1.34552)
(-0.356224,6.37288,1.34552)
(-0.356224,6.37288,1.34552)
(-0.356224,6.37288,1.34552)
(-0.2783,6.72388,1.35234)
(-0.2783,6.72388,1.35234)
(-0.211508,7.07488,1.38276)
(-0.144716,7.41492,1.37684)
(-0.144716,7.41492,1.37684)
(-0.144716,7.41492,1.37684)
(-0.066792,7.73302,1.33056)
(-0.066792,7.73302,1.33056)
(0,8.06208,1.37054)
(0,8.06208,1.37054)
(0,8.06208,1.37054)
(0.066792,8.38018,1.36383)
(0.066792,8.38018,1.36383)
(0.066792,8.38018,1.36383)
(0.066792,8.38018,1.36383)
(0.144716,8.70925,1.33828)
(0.22264,9.04928,1.34552)
(0.22264,9.04928,1.34552)
(0.22264,9.04928,1.34552)
(0.22264,9.04928,1.34552)
(0.311696,9.36738,1.29782)
(0.378488,9.68548,1.36383)
(0.378488,9.68548,1.36383)
(0.378488,9.68548,1.36383)
(0.456412,10.0036,1.33056)
(0.456412,10.0036,1.33056)
(0.545468,10.3436,1.31465)
(0.545468,10.3436,1.31465)
(0.545468,10.3436,1.31465)
(0.623392,10.6727,1.33828)
(0.623392,10.6727,1.33828)
(0.701316,11.0127,1.34552)
(0.701316,11.0127,1.34552)
(0.701316,11.0127,1.34552)
(0.701316,11.0127,1.34552)
(0.701316,11.0127,1.34552)
(0.77924,11.3418,1.33828)
(0.77924,11.3418,1.33828)
(0.857164,11.6599,1.33056)
(0.857164,11.6599,1.33056)
(0.857164,11.6599,1.33056)
(0.923956,11.967,1.35666)
(0.923956,11.967,1.35666)
(0.990748,12.2851,1.36383)
(0.990748,12.2851,1.36383)
(1.05754,12.6032,1.36383)
(1.05754,12.6032,1.36383)
(1.05754,12.6032,1.36383)
(1.1466,12.9323,1.3065)
(1.1466,12.9323,1.3065)
(1.22452,13.2614,1.33828)
(1.22452,13.2614,1.33828)
(1.22452,13.2614,1.33828)
(1.30244,13.5904,1.33828)
(1.30244,13.5904,1.33828)
(1.30244,13.5904,1.33828)
(1.38037,13.9305,1.34552)
(1.38037,13.9305,1.34552)
(1.46942,14.2595,1.3065)
(1.46942,14.2595,1.3065)
(1.54735,14.5776,1.33056)
(1.54735,14.5776,1.33056)
(1.54735,14.5776,1.33056)
(1.62527,14.8957,1.33056)
(1.62527,14.8957,1.33056)
(1.69206,15.2138,1.36383)
(1.76999,15.5429,1.33828)
(1.76999,15.5429,1.33828)
(1.76999,15.5429,1.33828)
(1.76999,15.5429,1.33828)
(1.83678,15.85,1.35666)
(1.83678,15.85,1.35666)
(1.90357,16.1681,1.36383)
(1.90357,16.1681,1.36383)
(1.97036,16.4862,1.36383)
(1.97036,16.4862,1.36383)
(1.97036,16.4862,1.36383)
(2.05942,16.8043,1.29782)
(2.05942,16.8043,1.29782)
(2.14848,17.1225,1.29782)
(2.14848,17.1225,1.29782)
(2.14848,17.1225,1.29782)
(2.21527,17.4406,1.36383)
(2.28206,17.7587,1.36383)
(2.28206,17.7587,1.36383)
(2.28206,17.7587,1.36383)
(2.28206,17.7587,1.36383)
(2.38225,18.0768,1.26568)
(2.4713,18.4058,1.3065)
(2.4713,18.4058,1.3065)
(2.4713,18.4058,1.3065)
(2.4713,18.4058,1.3065)
(2.56036,18.7239,1.29783)
(2.56036,18.7239,1.29783)
(2.64942,19.0311,1.28858)
(2.64942,19.0311,1.28858)
(2.64942,19.0311,1.28858)
(2.72734,19.3053,1.29394)
(2.80526,19.6124,1.32233)
(2.80526,19.6124,1.32233)
(2.80526,19.6124,1.32233)
(2.87206,19.9086,1.34898)
(2.87206,19.9086,1.34898)
(2.87206,19.9086,1.34898)
(2.93885,20.1828,1.33188)
(2.93885,20.1828,1.33188)
(2.63828,20.3474,2.64073)
(2.63828,20.3474,2.64073)
(2.63828,20.3474,2.64073)
(2.68281,20.6435,1.42157)
(2.7496,20.9507,1.35666)
(2.7496,20.9507,1.35666)
(2.7496,20.9507,1.35666)
(2.7496,20.9507,1.35666)
(2.80526,21.2688,1.39758)
(2.80526,21.2688,1.39758)
(2.87206,21.5649,1.34899)
(2.87206,21.5649,1.34899)
(2.87206,21.5649,1.34899)
(2.93885,21.8721,1.35666)
(2.93885,21.8721,1.35666)
(2.99451,22.1682,1.38503)
(2.99451,22.1682,1.38503)
(2.99451,22.1682,1.38503)
(3.0613,22.4644,1.34899)
(3.0613,22.4644,1.34899)
(3.12809,22.7606,1.34899)
(3.12809,22.7606,1.34899)
(3.12809,22.7606,1.34899)
(3.12809,22.7606,1.34899)
(3.19488,23.0567,1.34899)
(3.25054,23.3529,1.38503)
(3.25054,23.3529,1.38503)
(3.31734,23.66,1.35666)
(3.31734,23.66,1.35666)
(3.31734,23.66,1.35666)
(3.31734,23.66,1.35666)
(3.373,23.9672,1.39152)
(3.373,23.9672,1.39152)
(3.373,23.9672,1.39152)
(3.43979,24.2743,1.35666)
(3.50658,24.5924,1.36384)
(3.50658,24.5924,1.36384)
(3.57337,24.9105,1.36384)
(3.57337,24.9105,1.36384)
(3.57337,24.9105,1.36384)
(3.64016,25.2067,1.34899)
(3.64016,25.2067,1.34899)
(3.70696,25.5138,1.35666)
(3.70696,25.5138,1.35666)
(3.70696,25.5138,1.35666)
(3.70696,25.5138,1.35666)
(3.76262,25.81,1.38503)
(3.76262,25.81,1.38503)
(3.82941,26.1062,1.34899)
(3.82941,26.1062,1.34899)
(3.82941,26.1062,1.34899)
(3.90733,26.3914,1.30408)
(3.90733,26.3914,1.30408)
(3.97412,26.6875,1.34899)
(3.97412,26.6875,1.34899)
(3.97412,26.6875,1.34899)
(4.04092,26.9947,1.35666)
(4.09658,27.2799,1.37806)
(4.09658,27.2799,1.37806)
(4.09658,27.2799,1.37806)
(4.09658,27.2799,1.37806)
(4.15224,27.5541,1.37055)
(4.21903,27.8503,1.34899)
(4.21903,27.8503,1.34899)
(4.21903,27.8503,1.34899)
(4.21903,27.8503,1.34899)
(4.28582,28.1684,1.36384)
(4.35261,28.4865,1.36384)
(4.35261,28.4865,1.36384)
(4.35261,28.4865,1.36384)
(4.35261,28.4865,1.36384)
(4.43054,28.8046,1.33057)
(0,0,0.819171)
(0,0,0)
(0,0,0)
(0,0,0)
(0.044528,0.219385,1.37055)
(0.044528,0.219385,1.37055)
(0.089056,0.43877,1.37055)
(0.089056,0.43877,1.37055)
(0.089056,0.43877,1.37055)
(0.155848,0.680093,1.30078)
(0.155848,0.680093,1.30078)
(0.155848,0.680093,1.30078)
(0.211508,0.910448,1.33371)
(0.211508,0.910448,1.33371)
(0.2783,1.16274,1.31199)
(0.2783,1.16274,1.31199)
(0.2783,1.16274,1.31199)
(0.345092,1.39309,1.28858)
(0.345092,1.39309,1.28858)
(0.434148,1.62345,1.20189)
(0.434148,1.62345,1.20189)
(0.523204,1.83187,1.16698)
(0.523204,1.83187,1.16698)
(0.523204,1.83187,1.16698)
(0.623392,2.04028,1.1227)
(0.623392,2.04028,1.1227)
(0.745844,2.22676,0.989755)
(0.745844,2.22676,0.989755)
(0.745844,2.22676,0.989755)
(0.868296,2.40227,0.961617)
(0.868296,2.40227,0.961617)
(1.00188,2.55584,0.854886)
(1.00188,2.55584,0.854886)
(1.00188,2.55584,0.854886)
(1.15773,2.69844,0.74104)
(1.15773,2.69844,0.74104)
(1.32471,2.8191,0.625743)
(1.32471,2.8191,0.625743)
(1.32471,2.8191,0.625743)
(1.49169,2.93976,0.625743)
(1.49169,2.93976,0.625743)
(1.68093,3.03849,0.480836)
(1.68093,3.03849,0.480836)
(1.68093,3.03849,0.480836)
(1.85904,3.12624,0.457784)
(1.85904,3.12624,0.457784)
(2.07055,3.214,0.393284)
(2.07055,3.214,0.393284)
(2.07055,3.214,0.393284)
(2.29319,3.26884,0.241537)
(2.29319,3.26884,0.241537)
(2.51583,3.32369,0.241537)
(2.51583,3.32369,0.241537)
(2.7496,3.34563,0.0935721)
(2.7496,3.34563,0.0935721)
(2.7496,3.34563,0.0935721)
(2.96111,3.3566,0.0518159)
(2.96111,3.3566,0.0518159)
(2.96111,3.3566,0.0518159)
(3.18375,3.34563,-0.0492294)
(3.18375,3.34563,-0.0492294)
(3.40639,3.32369,-0.0982213)
(3.40639,3.32369,-0.0982213)
(3.64016,3.26884,-0.230447)
(3.64016,3.26884,-0.230447)
(3.64016,3.26884,-0.230447)
(3.85167,3.20303,-0.301676)
(3.85167,3.20303,-0.301676)
(3.85167,3.20303,-0.301676)
(4.08544,3.13721,-0.274435)
(4.08544,3.13721,-0.274435)
(4.30808,3.08236,-0.241537)
(4.30808,3.08236,-0.241537)
(4.53072,3.00558,-0.33211)
(4.53072,3.00558,-0.33211)
(4.53072,3.00558,-0.33211)
(4.75336,2.92879,-0.33211)
(4.75336,2.92879,-0.33211)
(4.75336,2.92879,-0.33211)
(4.976,2.85201,-0.33211)
(4.976,2.85201,-0.33211)
(5.19864,2.77522,-0.33211)
(5.19864,2.77522,-0.33211)
(5.42128,2.69844,-0.33211)
(5.42128,2.69844,-0.33211)
(5.42128,2.69844,-0.33211)
(5.64392,2.62165,-0.33211)
(5.64392,2.62165,-0.33211)
(5.64392,2.62165,-0.33211)
(5.86656,2.54487,-0.33211)
(5.86656,2.54487,-0.33211)
(6.10034,2.47905,-0.274434)
(6.10034,2.47905,-0.274434)
(6.32298,2.40227,-0.33211)
(6.32298,2.40227,-0.33211)
(6.32298,2.40227,-0.33211)
(6.53448,2.31451,-0.393283)
(6.53448,2.31451,-0.393283)
(6.53448,2.31451,-0.393283)
(6.75712,2.2487,-0.287429)
(6.75712,2.2487,-0.287429)
(6.97976,2.18288,-0.287429)
(6.97976,2.18288,-0.287429)
(7.21354,2.1061,-0.317359)
(7.21354,2.1061,-0.317359)
(7.21354,2.1061,-0.317359)
(7.45844,2.02931,-0.303824)
(7.45844,2.02931,-0.303824)
(7.45844,2.02931,-0.303824)
(7.70334,1.93059,-0.383185)
(7.70334,1.93059,-0.383185)
(7.94825,1.84283,-0.344068)
(7.94825,1.84283,-0.344068)
(7.94825,1.84283,-0.344068)
(8.18202,1.74411,-0.399587)
(8.18202,1.74411,-0.399587)
(8.41579,1.65636,-0.359107)
(8.41579,1.65636,-0.359107)
(8.41579,1.65636,-0.359107)
(8.6607,1.54666,-0.421107)
(8.6607,1.54666,-0.421107)
(8.9056,1.44794,-0.383185)
(8.9056,1.44794,-0.383185)
(9.1505,1.34922,-0.383185)
(9.1505,1.34922,-0.383185)
(9.1505,1.34922,-0.383185)
(9.38428,1.23953,-0.438729)
(9.38428,1.23953,-0.438729)
(9.38428,1.23953,-0.438729)
(9.62918,1.1408,-0.383185)
(9.62918,1.1408,-0.383185)
(9.86295,1.04208,-0.399587)
(9.86295,1.04208,-0.399587)
(10.0856,0.943355,-0.41737)
(10.0856,0.943355,-0.41737)
(10.0856,0.943355,-0.41737)
(10.3082,0.844632,-0.41737)
(10.3082,0.844632,-0.41737)
(10.3082,0.844632,-0.41737)
(10.5197,0.767847,-0.34824)
(10.5197,0.767847,-0.34824)
(10.7424,0.680093,-0.375455)
(10.7424,0.680093,-0.375455)
(10.965,0.603308,-0.332109)
(10.965,0.603308,-0.332109)
(10.965,0.603308,-0.332109)
(11.1877,0.526524,-0.332109)
(11.1877,0.526524,-0.332109)
(11.1877,0.526524,-0.332109)
(11.4214,0.4278,-0.399586)
(11.4214,0.4278,-0.399586)
(11.6663,0.340047,-0.344067)
(11.6663,0.340047,-0.344067)
(11.9001,0.241323,-0.399586)
(11.9001,0.241323,-0.399586)
(11.9001,0.241323,-0.399586)
(12.1339,0.131631,-0.438729)
(12.1339,0.131631,-0.438729)
(12.1339,0.131631,-0.438729)
(12.3788,0.0109692,-0.457782)
(12.3788,0.0109692,-0.457782)
(12.6237,-0.0987231,-0.421106)
(12.6237,-0.0987231,-0.421106)
(12.8686,-0.219385,-0.457782)
(12.8686,-0.219385,-0.457782)
(12.8686,-0.219385,-0.457782)
(13.1024,-0.340046,-0.476485)
(13.1024,-0.340046,-0.476485)
(13.1024,-0.340046,-0.476485)
(13.325,-0.482646,-0.569665)
(13.325,-0.482646,-0.569665)
(13.5476,-0.614277,-0.533944)
(13.5476,-0.614277,-0.533944)
(13.7703,-0.745908,-0.533944)
(13.7703,-0.745908,-0.533944)
(13.7703,-0.745908,-0.533944)
(13.9818,-0.888508,-0.593204)
(13.9818,-0.888508,-0.593204)
(13.9818,-0.888508,-0.593204)
(14.2044,-1.04208,-0.603823)
(14.2044,-1.04208,-0.603823)
(14.4159,-1.19565,-0.628008)
(14.4159,-1.19565,-0.628008)
(14.6163,-1.36018,-0.687503)
(14.6163,-1.36018,-0.687503)
(14.6163,-1.36018,-0.687503)
(14.8167,-1.54666,-0.749484)
(14.8167,-1.54666,-0.749484)
(14.8167,-1.54666,-0.749484)
(15.0171,-1.75508,-0.805061)
(15.0171,-1.75508,-0.805061)
(15.1952,-1.97446,-0.888858)
(15.1952,-1.97446,-0.888858)
(15.1952,-1.97446,-0.888858)
(15.3622,-2.23772,-1.00555)
(15.3622,-2.23772,-1.00555)
(15.518,-2.51195,-1.054)
(15.518,-2.51195,-1.054)
(15.518,-2.51195,-1.054)
(15.6627,-2.78618,-1.08522)
(15.6627,-2.78618,-1.08522)
(15.7852,-3.09332,-1.19142)
(15.7852,-3.09332,-1.19142)
(15.7852,-3.09332,-1.19142)
(15.8965,-3.40046,-1.22308)
(15.8965,-3.40046,-1.22308)
(15.9744,-3.71856,-1.33056)
(15.9744,-3.71856,-1.33056)
(15.9744,-3.71856,-1.33056)
(16.0523,-4.03667,-1.33056)
(16.0523,-4.03667,-1.33056)
(16.0969,-4.36574,-1.4363)
(16.0969,-4.36574,-1.4363)
(16.1303,-4.67288,-1.46249)
(16.1303,-4.67288,-1.46249)
(16.1303,-4.67288,-1.46249)
(16.1525,-4.99098,-1.50092)
(16.1525,-4.99098,-1.50092)
(16.1525,-4.99098,-1.50092)
(16.1637,-5.30909,-1.53582)
(16.1637,-5.30909,-1.53582)
(16.1859,-5.61623,-1.49843)
(16.1859,-5.61623,-1.49843)
(16.1859,-5.61623,-1.49843)
(16.1859,-5.93433,-1.5708)
(16.1859,-5.93433,-1.5708)
(16.1859,-6.25244,-1.5708)
(16.1859,-6.25244,-1.5708)
(16.1859,-6.25244,-1.5708)
(16.1859,-6.53763,-1.5708)
(16.1859,-6.53763,-1.5708)
(16.1859,-6.53763,-1.5708)
(16.1748,-6.82283,-1.60981)
(16.1748,-6.82283,-1.60981)
(16.1748,-7.119,-1.5708)
(16.1748,-7.119,-1.5708)
(16.1637,-7.40419,-1.60981)
(16.1637,-7.40419,-1.60981)
(16.1637,-7.40419,-1.60981)
(16.1637,-7.40419,-1.60981)
(16.1525,-7.71133,-1.60703)
(16.1525,-7.71133,-1.60703)
(16.1303,-8.01846,-1.64316)
(16.1303,-8.01846,-1.64316)
(16.0857,-8.3256,-1.71477)
(16.0857,-8.3256,-1.71477)
(16.0857,-8.3256,-1.71477)
(16.0523,-8.62176,-1.68308)
(16.0523,-8.62176,-1.68308)
(16.0523,-8.62176,-1.68308)
(15.9967,-8.9289,-1.75007)
(15.9967,-8.9289,-1.75007)
(15.941,-9.22506,-1.75657)
(15.941,-9.22506,-1.75657)
(15.8854,-9.52123,-1.75657)
(15.8854,-9.52123,-1.75657)
(15.8854,-9.52123,-1.75657)
(15.8297,-9.81739,-1.75657)
(15.8297,-9.81739,-1.75657)
(15.8297,-9.81739,-1.75657)
(15.774,-10.1355,-1.74402)
(15.774,-10.1355,-1.74402)
(15.7295,-10.4426,-1.71477)
(15.7295,-10.4426,-1.71477)
(15.685,-10.7607,-1.70987)
(15.685,-10.7607,-1.70987)
(15.685,-10.7607,-1.70987)
(15.6405,-11.0679,-1.71477)
(15.6405,-11.0679,-1.71477)
(15.6293,-11.364,-1.60837)
(15.6293,-11.364,-1.60837)
(15.6182,-11.6712,-1.60703)
(15.6182,-11.6712,-1.60703)
(15.6182,-11.6712,-1.60703)
(15.6182,-11.6712,-1.60703)
(15.6293,-11.9564,-1.53178)
(15.6293,-11.9564,-1.53178)
(15.6405,-12.2306,-1.53022)
(15.6405,-12.2306,-1.53022)
(15.6627,-12.4938,-1.48643)
(15.6627,-12.4938,-1.48643)
(15.6627,-12.4938,-1.48643)
(15.6961,-12.7571,-1.44461)
(15.6961,-12.7571,-1.44461)
(15.7295,-13.0204,-1.44461)
(15.7295,-13.0204,-1.44461)
(15.7295,-13.0204,-1.44461)
(15.7518,-13.2946,-1.48979)
(15.7518,-13.2946,-1.48979)
(15.7852,-13.5798,-1.45423)
(15.7852,-13.5798,-1.45423)
(15.7852,-13.5798,-1.45423)
(15.8074,-13.8759,-1.49576)
(15.8074,-13.8759,-1.49576)
(15.8074,-13.8759,-1.49576)
(15.8297,-14.1831,-1.49843)
(15.8297,-14.1831,-1.49843)
(15.852,-14.5121,-1.50324)
(15.852,-14.5121,-1.50324)
(15.8854,-14.8193,-1.46249)
(15.8854,-14.8193,-1.46249)
(15.8854,-14.8193,-1.46249)
(15.8742,-15.1374,-1.60578)
(15.8742,-15.1374,-1.60578)
(15.8631,-15.4664,-1.60461)
(15.8631,-15.4664,-1.60461)
(15.8631,-15.4664,-1.60461)
(15.8408,-15.7955,-1.63835)
(15.8408,-15.7955,-1.63835)
(15.8408,-15.7955,-1.63835)
(15.7963,-16.1355,-1.70101)
(15.7963,-16.1355,-1.70101)
(15.7295,-16.4756,-1.76475)
(15.7295,-16.4756,-1.76475)
(15.6405,-16.7937,-1.84377)
(15.6405,-16.7937,-1.84377)
(15.6405,-16.7937,-1.84377)
(15.5514,-17.1228,-1.8351)
(15.5514,-17.1228,-1.8351)
(15.429,-17.4299,-1.95018)
(15.429,-17.4299,-1.95018)
(15.429,-17.4299,-1.95018)
(15.3065,-17.726,-1.96286)
(15.3065,-17.726,-1.96286)
(15.1618,-18.0112,-2.04037)
(15.1618,-18.0112,-2.04037)
(15.1618,-18.0112,-2.04037)
(15.0282,-18.2855,-2.0241)
(15.0282,-18.2855,-2.0241)
(14.8724,-18.5487,-2.10532)
(14.8724,-18.5487,-2.10532)
(14.8724,-18.5487,-2.10532)
(14.7054,-18.801,-2.15547)
(14.7054,-18.801,-2.15547)
(14.5495,-19.0533,-2.12416)
(14.5495,-19.0533,-2.12416)
(14.4048,-19.2836,-2.13173)
(14.4048,-19.2836,-2.13173)
(14.4048,-19.2836,-2.13173)
(14.4048,-19.2836,-2.13173)
(14.2378,-19.5359,-2.15547)
(14.2378,-19.5359,-2.15547)
(14.0597,-19.7772,-2.20663)
(14.0597,-19.7772,-2.20663)
(13.8816,-20.0185,-2.20663)
(13.8816,-20.0185,-2.20663)
(13.8816,-20.0185,-2.20663)
(13.7146,-20.2599,-2.1761)
(13.7146,-20.2599,-2.1761)
(13.5476,-20.4902,-2.19804)
(13.5476,-20.4902,-2.19804)
(13.5476,-20.4902,-2.19804)
(13.3584,-20.7096,-2.28258)
(13.3584,-20.7096,-2.28258)
(13.3584,-20.7096,-2.28258)
(13.1803,-20.918,-2.27797)
(13.1803,-20.918,-2.27797)
(13.0022,-21.1154,-2.30477)
(13.0022,-21.1154,-2.30477)
(12.8241,-21.3129,-2.30478)
(12.8241,-21.3129,-2.30478)
(12.8241,-21.3129,-2.30478)
(12.6571,-21.4993,-2.30111)
(12.6571,-21.4993,-2.30111)
(12.5012,-21.6968,-2.23901)
(12.5012,-21.6968,-2.23901)
(12.5012,-21.6968,-2.23901)
(12.3454,-21.8833,-2.26698)
(12.3454,-21.8833,-2.26698)
(12.1895,-22.0917,-2.21289)
(12.1895,-22.0917,-2.21289)
(12.1895,-22.0917,-2.21289)
(12.0448,-22.3001,-2.17775)
(12.0448,-22.3001,-2.17775)
(11.9112,-22.5194,-2.11775)
(11.9112,-22.5194,-2.11775)
(11.9112,-22.5194,-2.11775)
(11.7777,-22.7498,-2.09633)
(11.7777,-22.7498,-2.09633)
(11.6663,-22.9801,-2.02097)
(11.6663,-22.9801,-2.02097)
(11.6663,-22.9801,-2.02097)
(11.5661,-23.2105,-1.98106)
(11.5661,-23.2105,-1.98106)
(11.4771,-23.4408,-1.93971)
(11.4771,-23.4408,-1.93971)
(11.4771,-23.4408,-1.93971)
(11.4103,-23.6931,-1.82961)
(11.4103,-23.6931,-1.82961)
(11.4103,-23.6931,-1.82961)
(11.3546,-23.9454,-1.78794)
(11.3546,-23.9454,-1.78794)
(11.3101,-24.2086,-1.73836)
(11.3101,-24.2086,-1.73836)
(11.2767,-24.4719,-1.69698)
(11.2767,-24.4719,-1.69698)
(11.2656,-24.7461,-1.61137)
(11.2656,-24.7461,-1.61137)
(11.2656,-24.7461,-1.61137)
(11.2656,-24.7461,-1.61137)
(11.2545,-25.0313,-1.60981)
(11.2545,-25.0313,-1.60981)
(11.2433,-25.3275,-1.60837)
(11.2433,-25.3275,-1.60837)
(11.2433,-25.6236,-1.5708)
(11.2433,-25.6236,-1.5708)
(11.2433,-25.6236,-1.5708)
(11.2322,-25.9308,-1.60703)
(11.2322,-25.9308,-1.60703)
(11.2322,-25.9308,-1.60703)
(11.2211,-26.2488,-1.60578)
(11.2211,-26.2488,-1.60578)
(11.2211,-26.5779,-1.5708)
(11.2211,-26.5779,-1.5708)
(11.2099,-26.896,-1.60578)
(11.2099,-26.896,-1.60578)
(11.1988,-27.2141,-1.60578)
(11.1988,-27.2141,-1.60578)
(11.1988,-27.2141,-1.60578)
(11.1988,-27.2141,-1.60578)
(11.1988,-27.5103,-1.5708)
(11.1988,-27.5103,-1.5708)
(11.1988,-27.7954,-1.5708)
(11.1988,-27.7954,-1.5708)
(11.1988,-28.0916,-1.5708)
(11.1988,-28.0916,-1.5708)
(11.1988,-28.0916,-1.5708)
(11.1877,-28.3878,-1.60837)
(11.1877,-28.3878,-1.60837)
(11.1877,-28.3878,-1.60837)
(11.1765,-28.7059,-1.60578)
(11.1765,-28.7059,-1.60578)
(11.1543,-29.013,-1.64316)
(11.1543,-29.013,-1.64316)
(11.1543,-29.013,-1.64316)
(11.132,-29.3091,-1.64583)
(11.132,-29.3091,-1.64583)
(11.0986,-29.6163,-1.67911)
(11.0986,-29.6163,-1.67911)
(11.0541,-29.9234,-1.71478)
(11.0541,-29.9234,-1.71478)
(11.0541,-29.9234,-1.71478)
(10.9873,-30.2305,-1.78494)
(10.9873,-30.2305,-1.78494)
(10.8982,-30.5376,-1.85302)
(10.8982,-30.5376,-1.85302)
(10.7869,-30.8118,-1.95643)
(10.7869,-30.8118,-1.95643)
(10.7869,-30.8118,-1.95643)
(10.6756,-31.097,-1.94295)
(10.6756,-31.097,-1.94295)
(10.542,-31.3603,-2.04038)
(10.542,-31.3603,-2.04038)
(10.542,-31.3603,-2.04038)
(10.3973,-31.6126,-2.0916)
(10.3973,-31.6126,-2.0916)
(10.3973,-31.6126,-2.0916)
(10.2303,-31.8429,-2.19805)
(10.2303,-31.8429,-2.19805)
(10.0633,-32.0513,-2.24629)
(10.0633,-32.0513,-2.24629)
(10.0633,-32.0513,-2.24629)
(9.87408,-32.2487,-2.33501)
(9.87408,-32.2487,-2.33501)
(9.67371,-32.4242,-2.42228)
(9.67371,-32.4242,-2.42228)
(9.4622,-32.5668,-2.54841)
(9.4622,-32.5668,-2.54841)
(9.4622,-32.5668,-2.54841)
(9.4622,-32.5668,-2.54841)
(9.25069,-32.7094,-2.54841)
(9.25069,-32.7094,-2.54841)
(9.01692,-32.852,-2.59388)
(9.01692,-32.852,-2.59388)
(8.79428,-32.9727,-2.64497)
(8.79428,-32.9727,-2.64497)
(8.79428,-32.9727,-2.64497)
(8.56051,-33.0933,-2.66513)
(8.56051,-33.0933,-2.66513)
(8.56051,-33.0933,-2.66513)
(8.3156,-33.192,-2.75843)
(8.3156,-33.192,-2.75843)
(8.08183,-33.2798,-2.7825)
(8.08183,-33.2798,-2.7825)
(7.8258,-33.3456,-2.89)
(7.8258,-33.3456,-2.89)
(7.8258,-33.3456,-2.89)
(7.59202,-33.3895,-2.95607)
(7.59202,-33.3895,-2.95607)
(7.33599,-33.4334,-2.97188)
(7.33599,-33.4334,-2.97188)
(7.33599,-33.4334,-2.97188)
(7.09108,-33.4443,-3.09683)
(7.09108,-33.4443,-3.09683)
(7.09108,-33.4443,-3.09683)
(6.84618,-33.4443,3.14159)
(6.84618,-33.4443,3.14159)
(6.59014,-33.4224,3.05612)
(6.59014,-33.4224,3.05612)
(6.34524,-33.3785,2.96432)
(6.34524,-33.3785,2.96432)
(6.10034,-33.3237,2.92129)
(6.10034,-33.3237,2.92129)
(6.10034,-33.3237,2.92129)
(5.85543,-33.2579,2.87907)
(5.85543,-33.2579,2.87907)
(5.85543,-33.2579,2.87907)
(5.62166,-33.1701,2.7825)
(5.62166,-33.1701,2.7825)
(5.38789,-33.0824,2.7825)
(5.38789,-33.0824,2.7825)
(5.38789,-33.0824,2.7825)
(5.15412,-32.9946,2.7825)
(5.15412,-32.9946,2.7825)
(4.92034,-32.9069,2.7825)
(4.92034,-32.9069,2.7825)
(4.68657,-32.8191,2.7825)
(4.68657,-32.8191,2.7825)
(4.68657,-32.8191,2.7825)
(4.68657,-32.8191,2.7825)
(4.4528,-32.7204,2.74203)
(4.4528,-32.7204,2.74203)
(4.2079,-32.6326,2.79754)
(4.2079,-32.6326,2.79754)
(3.97412,-32.5339,2.74203)
(3.97412,-32.5339,2.74203)
(3.74035,-32.4462,2.7825)
(3.74035,-32.4462,2.7825)
(3.74035,-32.4462,2.7825)
(3.74035,-32.4462,2.7825)
(3.48432,-32.3365,2.73684)
(3.48432,-32.3365,2.73684)
(3.25054,-32.2378,2.74202)
(3.25054,-32.2378,2.74202)
(3.01677,-32.15,2.7825)
(3.01677,-32.15,2.7825)
(2.77187,-32.0623,2.79754)
(2.77187,-32.0623,2.79754)
(2.77187,-32.0623,2.79754)
(2.5381,-31.9855,2.82425)
(2.5381,-31.9855,2.82425)
(2.5381,-31.9855,2.82425)
(2.30432,-31.9087,2.82425)
(2.30432,-31.9087,2.82425)
(2.08168,-31.8319,2.8095)
(2.08168,-31.8319,2.8095)
(2.08168,-31.8319,2.8095)
(1.84791,-31.7661,2.86717)
(1.84791,-31.7661,2.86717)
(1.62527,-31.6893,2.8095)
(1.62527,-31.6893,2.8095)
(1.62527,-31.6893,2.8095)
(1.40263,-31.6235,2.85418)
(1.40263,-31.6235,2.85418)
(1.16886,-31.5577,2.86717)
(1.16886,-31.5577,2.86717)
(0.935088,-31.4809,2.82425)
(0.935088,-31.4809,2.82425)
(0.935088,-31.4809,2.82425)
(0.935088,-31.4809,2.82425)
(0.701316,-31.3932,2.7825)
(0.701316,-31.3932,2.7825)
(0.456412,-31.3054,2.79754)
(0.456412,-31.3054,2.79754)
(0.200376,-31.2177,2.81141)
(0.200376,-31.2177,2.81141)
(-0.044528,-31.119,2.75843)
(-0.044528,-31.119,2.75843)
(-0.044528,-31.119,2.75843)
(-0.289432,-31.0203,2.75843)
(-0.289432,-31.0203,2.75843)
(-0.289432,-31.0203,2.75843)
(-0.523204,-30.9106,2.70288)
(-0.523204,-30.9106,2.70288)
(-0.523204,-30.9106,2.70288)
(-0.756976,-30.8118,2.74202)
(-0.756976,-30.8118,2.74202)
(-0.979616,-30.7022,2.68383)
(-0.979616,-30.7022,2.68383)
(-0.979616,-30.7022,2.68383)
(-1.21339,-30.5925,2.70288)
(-1.21339,-30.5925,2.70288)
(-1.43603,-30.4608,2.60767)
(-1.43603,-30.4608,2.60767)
(-1.43603,-30.4608,2.60767)
(-1.6698,-30.3292,2.62879)
(-1.6698,-30.3292,2.62879)
(-1.89244,-30.1866,2.57195)
(-1.89244,-30.1866,2.57195)
(-2.10395,-30.055,2.58493)
(-2.10395,-30.055,2.58493)
(-2.10395,-30.055,2.58493)
(-2.32659,-29.9014,2.53779)
(-2.32659,-29.9014,2.53779)
(-2.32659,-29.9014,2.53779)
(-2.54923,-29.7588,2.57195)
(-2.54923,-29.7588,2.57195)
(-2.77187,-29.6272,2.60767)
(0,0,0.132736)
(0,0,0)
(0,0,0)
(0.022264,0.098723,1.34899)
(0.022264,0.098723,1.34899)
(0.05566,0.230354,1.32233)
(0.05566,0.230354,1.32233)
(0.05566,0.230354,1.32233)
(0.089056,0.383923,1.35666)
(0.089056,0.383923,1.35666)
(0.122452,0.548461,1.37055)
(0.122452,0.548461,1.37055)
(0.122452,0.548461,1.37055)
(0.155848,0.734938,1.39359)
(0.155848,0.734938,1.39359)
(0.200376,0.932385,1.34899)
(0.200376,0.932385,1.34899)
(0.200376,0.932385,1.34899)
(0.244904,1.15177,1.37055)
(0.244904,1.15177,1.37055)
(0.289432,1.37115,1.37055)
(0.289432,1.37115,1.37055)
(0.289432,1.37115,1.37055)
(0.356224,1.61248,1.30078)
(0.356224,1.61248,1.30078)
(0.356224,1.61248,1.30078)
(0.411884,1.84283,1.33371)
(0.411884,1.84283,1.33371)
(0.478676,2.09513,1.31199)
(0.478676,2.09513,1.31199)
(0.478676,2.09513,1.31199)
(0.545468,2.32548,1.28858)
(0.545468,2.32548,1.28858)
(0.634524,2.55583,1.20189)
(0.634524,2.55583,1.20189)
(0.72358,2.76425,1.16698)
(0.72358,2.76425,1.16698)
(0.72358,2.76425,1.16698)
(0.823768,2.97267,1.1227)
(0.823768,2.97267,1.1227)
(0.94622,3.15914,0.989755)
(0.94622,3.15914,0.989755)
(0.94622,3.15914,0.989755)
(1.06867,3.33465,0.961617)
(1.06867,3.33465,0.961617)
(1.20226,3.48822,0.854886)
(1.20226,3.48822,0.854886)
(1.20226,3.48822,0.854886)
(1.3581,3.63082,0.74104)
(1.3581,3.63082,0.74104)
(1.52508,3.75149,0.625743)
(1.52508,3.75149,0.625743)
(1.52508,3.75149,0.625743)
(1.69206,3.87215,0.625743)
(1.69206,3.87215,0.625743)
(1.88131,3.97087,0.480836)
(1.88131,3.97087,0.480836)
(1.88131,3.97087,0.480836)
(2.05942,4.05863,0.457784)
(2.05942,4.05863,0.457784)
(2.27093,4.14638,0.393284)
(2.27093,4.14638,0.393284)
(2.27093,4.14638,0.393284)
(2.49357,4.20123,0.241537)
(2.49357,4.20123,0.241537)
(2.71621,4.25607,0.241537)
(2.71621,4.25607,0.241537)
(2.94998,4.27801,0.0935721)
(2.94998,4.27801,0.0935721)
(2.94998,4.27801,0.0935721)
(3.16149,4.28898,0.0518159)
(3.16149,4.28898,0.0518159)
(3.16149,4.28898,0.0518159)
(3.38413,4.27801,-0.0492294)
(3.38413,4.27801,-0.0492294)
(3.60677,4.25607,-0.0982213)
(3.60677,4.25607,-0.0982213)
(3.84054,4.20123,-0.230447)
(3.84054,4.20123,-0.230447)
(3.84054,4.20123,-0.230447)
(4.05205,4.13541,-0.301676)
(4.05205,4.13541,-0.301676)
(4.05205,4.13541,-0.301676)
(4.28582,4.06959,-0.274435)
(4.28582,4.06959,-0.274435)
(4.50846,4.01475,-0.241537)
(4.50846,4.01475,-0.241537)
(4.7311,3.93796,-0.33211)
(4.7311,3.93796,-0.33211)
(4.7311,3.93796,-0.33211)
(4.95374,3.86118,-0.33211)
(4.95374,3.86118,-0.33211)
(4.95374,3.86118,-0.33211)
(5.17638,3.78439,-0.33211)
(5.17638,3.78439,-0.33211)
(5.39902,3.70761,-0.33211)
(5.39902,3.70761,-0.33211)
(5.62166,3.63082,-0.33211)
(5.62166,3.63082,-0.33211)
(5.62166,3.63082,-0.33211)
(5.8443,3.55404,-0.33211)
(5.8443,3.55404,-0.33211)
(5.8443,3.55404,-0.33211)
(6.06694,3.47725,-0.33211)
(6.06694,3.47725,-0.33211)
(6.30071,3.41144,-0.274434)
(6.30071,3.41144,-0.274434)
(6.52335,3.33465,-0.33211)
(6.52335,3.33465,-0.33211)
(6.52335,3.33465,-0.33211)
(6.73486,3.2469,-0.393283)
(6.73486,3.2469,-0.393283)
(6.73486,3.2469,-0.393283)
(6.9575,3.18108,-0.287429)
(6.9575,3.18108,-0.287429)
(7.18014,3.11527,-0.287429)
(7.18014,3.11527,-0.287429)
(7.41391,3.03848,-0.317359)
(7.41391,3.03848,-0.317359)
(7.41391,3.03848,-0.317359)
(7.65882,2.9617,-0.303824)
(7.65882,2.9617,-0.303824)
(7.65882,2.9617,-0.303824)
(7.90372,2.86297,-0.383185)
(7.90372,2.86297,-0.383185)
(8.14862,2.77522,-0.344068)
(8.14862,2.77522,-0.344068)
(8.14862,2.77522,-0.344068)
(8.3824,2.6765,-0.399587)
(8.3824,2.6765,-0.399587)
(8.61617,2.58874,-0.359107)
(8.61617,2.58874,-0.359107)
(8.61617,2.58874,-0.359107)
(8.86107,2.47905,-0.421107)
(8.86107,2.47905,-0.421107)
(9.10598,2.38033,-0.383185)
(9.10598,2.38033,-0.383185)
(9.35088,2.2816,-0.383185)
(9.35088,2.2816,-0.383185)
(9.35088,2.2816,-0.383185)
(9.58465,2.17191,-0.438729)
(9.58465,2.17191,-0.438729)
(9.58465,2.17191,-0.438729)
(9.82956,2.07319,-0.383185)
(9.82956,2.07319,-0.383185)
(10.0633,1.97446,-0.399587)
(10.0633,1.97446,-0.399587)
(10.286,1.87574,-0.41737)
(10.286,1.87574,-0.41737)
(10.286,1.87574,-0.41737)
(10.5086,1.77702,-0.41737)
(10.5086,1.77702,-0.41737)
(10.5086,1.77702,-0.41737)
(10.7201,1.70023,-0.34824)
(10.7201,1.70023,-0.34824)
(10.9428,1.61248,-0.375455)
(10.9428,1.61248,-0.375455)
(11.1654,1.53569,-0.332109)
(11.1654,1.53569,-0.332109)
(11.1654,1.53569,-0.332109)
(11.388,1.45891,-0.332109)
(11.388,1.45891,-0.332109)
(11.388,1.45891,-0.332109)
(11.6218,1.36019,-0.399586)
(11.6218,1.36019,-0.399586)
(11.8667,1.27243,-0.344067)
(11.8667,1.27243,-0.344067)
(12.1005,1.17371,-0.399586)
(12.1005,1.17371,-0.399586)
(12.1005,1.17371,-0.399586)
(12.3343,1.06402,-0.438729)
(12.3343,1.06402,-0.438729)
(12.3343,1.06402,-0.438729)
(12.5792,0.943354,-0.457782)
(12.5792,0.943354,-0.457782)
(12.8241,0.833662,-0.421106)
(12.8241,0.833662,-0.421106)
(13.069,0.713,-0.457782)
(13.069,0.713,-0.457782)
(13.069,0.713,-0.457782)
(13.3027,0.592338,-0.476485)
(13.3027,0.592338,-0.476485)
(13.3027,0.592338,-0.476485)
(13.5254,0.449738,-0.569665)
(13.5254,0.449738,-0.569665)
(13.748,0.318108,-0.533944)
(13.748,0.318108,-0.533944)
(13.9707,0.186477,-0.533944)
(13.9707,0.186477,-0.533944)
(13.9707,0.186477,-0.533944)
(14.1822,0.0438769,-0.593204)
(14.1822,0.0438769,-0.593204)
(14.1822,0.0438769,-0.593204)
(14.4048,-0.109692,-0.603823)
(14.4048,-0.109692,-0.603823)
(14.6163,-0.263261,-0.628008)
(14.6163,-0.263261,-0.628008)
(14.8167,-0.4278,-0.687503)
(14.8167,-0.4278,-0.687503)
(14.8167,-0.4278,-0.687503)
(15.0171,-0.614276,-0.749484)
(15.0171,-0.614276,-0.749484)
(15.0171,-0.614276,-0.749484)
(15.2174,-0.822691,-0.805061)
(15.2174,-0.822691,-0.805061)
(15.3956,-1.04208,-0.888858)
(15.3956,-1.04208,-0.888858)
(15.3956,-1.04208,-0.888858)
(15.5625,-1.30534,-1.00555)
(15.5625,-1.30534,-1.00555)
(15.7184,-1.57957,-1.054)
(15.7184,-1.57957,-1.054)
(15.7184,-1.57957,-1.054)
(15.8631,-1.8538,-1.08522)
(15.8631,-1.8538,-1.08522)
(15.9856,-2.16093,-1.19142)
(15.9856,-2.16093,-1.19142)
(15.9856,-2.16093,-1.19142)
(16.0969,-2.46807,-1.22308)
(16.0969,-2.46807,-1.22308)
(16.1748,-2.78618,-1.33056)
(16.1748,-2.78618,-1.33056)
(16.1748,-2.78618,-1.33056)
(16.2527,-3.10428,-1.33056)
(16.2527,-3.10428,-1.33056)
(16.2972,-3.43336,-1.4363)
(16.2972,-3.43336,-1.4363)
(16.3306,-3.74049,-1.46249)
(16.3306,-3.74049,-1.46249)
(16.3306,-3.74049,-1.46249)
(16.3529,-4.0586,-1.50092)
(16.3529,-4.0586,-1.50092)
(16.3529,-4.0586,-1.50092)
(16.364,-4.37671,-1.53582)
(16.364,-4.37671,-1.53582)
(16.3863,-4.68384,-1.49843)
(16.3863,-4.68384,-1.49843)
(16.3863,-4.68384,-1.49843)
(16.3863,-5.00195,-1.5708)
(16.3863,-5.00195,-1.5708)
(16.3863,-5.32005,-1.5708)
(16.3863,-5.32005,-1.5708)
(16.3863,-5.32005,-1.5708)
(16.3863,-5.60525,-1.5708)
(16.3863,-5.60525,-1.5708)
(16.3863,-5.60525,-1.5708)
(16.3752,-5.89045,-1.60981)
(16.3752,-5.89045,-1.60981)
(16.3752,-6.18661,-1.5708)
(16.3752,-6.18661,-1.5708)
(16.364,-6.47181,-1.60981)
(16.364,-6.47181,-1.60981)
(16.364,-6.47181,-1.60981)
(16.364,-6.47181,-1.60981)
(16.3529,-6.77894,-1.60703)
(16.3529,-6.77894,-1.60703)
(16.3306,-7.08608,-1.64316)
(16.3306,-7.08608,-1.64316)
(16.2861,-7.39321,-1.71477)
(16.2861,-7.39321,-1.71477)
(16.2861,-7.39321,-1.71477)
(16.2527,-7.68938,-1.68308)
(16.2527,-7.68938,-1.68308)
(16.2527,-7.68938,-1.68308)
(16.1971,-7.99651,-1.75007)
(16.1971,-7.99651,-1.75007)
(16.1414,-8.29268,-1.75657)
(16.1414,-8.29268,-1.75657)
(16.0857,-8.58884,-1.75657)
(16.0857,-8.58884,-1.75657)
(16.0857,-8.58884,-1.75657)
(16.0301,-8.88501,-1.75657)
(16.0301,-8.88501,-1.75657)
(16.0301,-8.88501,-1.75657)
(15.9744,-9.20311,-1.74402)
(15.9744,-9.20311,-1.74402)
(15.9299,-9.51025,-1.71477)
(15.9299,-9.51025,-1.71477)
(15.8854,-9.82835,-1.70987)
(15.8854,-9.82835,-1.70987)
(15.8854,-9.82835,-1.70987)
(15.8408,-10.1355,-1.71477)
(15.8408,-10.1355,-1.71477)
(15.8297,-10.4316,-1.60837)
(15.8297,-10.4316,-1.60837)
(15.8297,-10.4316,-1.60837)
(15.8186,-10.7388,-1.60703)
(15.8186,-10.7388,-1.60703)
(15.8186,-10.7388,-1.60703)
(15.8297,-11.024,-1.53178)
(15.8297,-11.024,-1.53178)
(15.8408,-11.2982,-1.53022)
(15.8408,-11.2982,-1.53022)
(15.8631,-11.5615,-1.48643)
(15.8631,-11.5615,-1.48643)
(15.8631,-11.5615,-1.48643)
(15.8965,-11.8247,-1.44461)
(15.8965,-11.8247,-1.44461)
(15.9299,-12.088,-1.44461)
(15.9299,-12.088,-1.44461)
(15.9299,-12.088,-1.44461)
(15.9522,-12.3622,-1.48979)
(15.9522,-12.3622,-1.48979)
(15.9856,-12.6474,-1.45423)
(15.9856,-12.6474,-1.45423)
(15.9856,-12.6474,-1.45423)
(15.9856,-12.6474,-1.45423)
(16.0078,-12.9436,-1.49576)
(16.0078,-12.9436,-1.49576)
(16.0301,-13.2507,-1.49843)
(16.0301,-13.2507,-1.49843)
(16.0523,-13.5798,-1.50324)
(16.0523,-13.5798,-1.50324)
(16.0857,-13.8869,-1.46249)
(16.0857,-13.8869,-1.46249)
(16.0857,-13.8869,-1.46249)
(16.0857,-13.8869,-1.46249)
(16.0746,-14.205,-1.60578)
(16.0746,-14.205,-1.60578)
(16.0635,-14.5341,-1.60461)
(16.0635,-14.5341,-1.60461)
(16.0412,-14.8631,-1.63835)
(16.0412,-14.8631,-1.63835)
(16.0412,-14.8631,-1.63835)
(15.9967,-15.2032,-1.70101)
(15.9967,-15.2032,-1.70101)
(15.9299,-15.5432,-1.76475)
(15.9299,-15.5432,-1.76475)
(15.8408,-15.8613,-1.84377)
(15.8408,-15.8613,-1.84377)
(15.8408,-15.8613,-1.84377)
(15.7518,-16.1904,-1.8351)
(15.7518,-16.1904,-1.8351)
(15.6293,-16.4975,-1.95018)
(15.6293,-16.4975,-1.95018)
(15.6293,-16.4975,-1.95018)
(15.5069,-16.7937,-1.96286)
(15.5069,-16.7937,-1.96286)
(15.5069,-16.7937,-1.96286)
(15.3622,-17.0789,-2.04037)
(15.3622,-17.0789,-2.04037)
(15.2286,-17.3531,-2.0241)
(15.2286,-17.3531,-2.0241)
(15.0727,-17.6163,-2.10532)
(15.0727,-17.6163,-2.10532)
(15.0727,-17.6163,-2.10532)
(14.9057,-17.8686,-2.15547)
(14.9057,-17.8686,-2.15547)
(14.7499,-18.1209,-2.12416)
(14.7499,-18.1209,-2.12416)
(14.6052,-18.3512,-2.13173)
(14.6052,-18.3512,-2.13173)
(14.6052,-18.3512,-2.13173)
(14.6052,-18.3512,-2.13173)
(14.4382,-18.6035,-2.15547)
(14.4382,-18.6035,-2.15547)
(14.2601,-18.8448,-2.20663)
(14.2601,-18.8448,-2.20663)
(14.082,-19.0862,-2.20663)
(14.082,-19.0862,-2.20663)
(14.082,-19.0862,-2.20663)
(13.915,-19.3275,-2.1761)
(13.915,-19.3275,-2.1761)
(13.915,-19.3275,-2.1761)
(13.748,-19.5578,-2.19804)
(13.748,-19.5578,-2.19804)
(13.5588,-19.7772,-2.28258)
(13.5588,-19.7772,-2.28258)
(13.5588,-19.7772,-2.28258)
(13.3807,-19.9856,-2.27797)
(13.3807,-19.9856,-2.27797)
(13.2026,-20.183,-2.30477)
(13.2026,-20.183,-2.30477)
(13.0244,-20.3805,-2.30478)
(13.0244,-20.3805,-2.30478)
(13.0244,-20.3805,-2.30478)
(12.8575,-20.567,-2.30111)
(12.8575,-20.567,-2.30111)
(12.7016,-20.7644,-2.23901)
(12.7016,-20.7644,-2.23901)
(12.7016,-20.7644,-2.23901)
(12.5458,-20.9509,-2.26698)
(12.5458,-20.9509,-2.26698)
(12.3899,-21.1593,-2.21289)
(12.3899,-21.1593,-2.21289)
(12.3899,-21.1593,-2.21289)
(12.2452,-21.3677,-2.17775)
(12.2452,-21.3677,-2.17775)
(12.2452,-21.3677,-2.17775)
(12.1116,-21.5871,-2.11775)
(12.1116,-21.5871,-2.11775)
(11.978,-21.8174,-2.09633)
(11.978,-21.8174,-2.09633)
(11.8667,-22.0478,-2.02097)
(11.8667,-22.0478,-2.02097)
(11.8667,-22.0478,-2.02097)
(11.7665,-22.2781,-1.98106)
(11.7665,-22.2781,-1.98106)
(11.6775,-22.5084,-1.93971)
(11.6775,-22.5084,-1.93971)
(11.6775,-22.5084,-1.93971)
(11.6107,-22.7607,-1.82961)
(11.6107,-22.7607,-1.82961)
(11.6107,-22.7607,-1.82961)
(11.555,-23.013,-1.78794)
(11.555,-23.013,-1.78794)
(11.5105,-23.2763,-1.73836)
(11.5105,-23.2763,-1.73836)
(11.4771,-23.5395,-1.69698)
(11.4771,-23.5395,-1.69698)
(11.466,-23.8137,-1.61137)
(11.466,-23.8137,-1.61137)
(11.466,-23.8137,-1.61137)
(11.466,-23.8137,-1.61137)
(11.4548,-24.0989,-1.60981)
(11.4548,-24.0989,-1.60981)
(11.4437,-24.3951,-1.60837)
(11.4437,-24.3951,-1.60837)
(11.4437,-24.6912,-1.5708)
(11.4437,-24.6912,-1.5708)
(11.4437,-24.6912,-1.5708)
(11.4437,-24.6912,-1.5708)
(11.4326,-24.9984,-1.60703)
(11.4326,-24.9984,-1.60703)
(11.4214,-25.3165,-1.60578)
(11.4214,-25.3165,-1.60578)
(11.4214,-25.6455,-1.5708)
(11.4214,-25.6455,-1.5708)
(11.4103,-25.9636,-1.60578)
